# list of object assets to load in this scene
[ASSETS]
txt\mario.txt
txt\coin.txt
txt\cloud.txt
txt\brick.txt
txt\goomba.txt
#
[TILEMAP]
txt\TileMap1_1.txt
#
#
[OBJECTS]
# type	x	y	extra_settings per object type
# type: 0 = Mario , 1 = Brick, 2 = Goomba, 3 = Koopas
# See OBJECT_TYPE constants in AssetIDs.h

# MARIO
0	10	390
# GOOMBA
2	450	400
2	500	400
#COIN
4	1080	328
4	1112	292
4	1144	256
4	1176	220
4	1202	184
4	1336	88
4	1352	88
4	1368	88
4	1480	120
4	1496	120
4	1544	136
4	1560	136
4	1576	136
4	1592	136
4	1624	120
4	1640	120
4	1656	120
4	1672	120
4	1704	152
4	1736	120
4	1770	136
4	1818	104
4	1850	136

#COLORBOX
51	258	386	48	48
51	290	370	48	80
51	434	386	80	48
51	490	370	64	80
51	538	338	64	80
51	554	394	96	32
51	1314	394	112	32
51	1346	362	112	32
51	1378	330	112	32
51	1338	154	64	32
51	2162	386	48	48
51	2194	290	48	48

#GROUND
100	310	416	623	12
100	852	410	463	32 
100	1322	416	350	12
100	1572	416	81	12
100	1948	416	573	12
100	2530	416	556	12

#Platform
#5	100	180	16	15	32	51000	52000	53000
#5	140	160	16	15	2	51000	52000	53000

#Portal 
#50	200	160	216	180	1

